
	  12313142141414
	  12313142141414
	  12313142141414
	  12313142141414
	  12313142141414
	  12313142141414
	  12313142141414
	  12313142141414
	  12313142141414
	  12313142141414
	  12313142141414
	  12313142141414
	  12313142141414
	  12313142141414
	  12313142141414
	  12313142141414
	  12313142141414
	  12313142141414
	  12313142141414
	  12313142141414
	  12313142141414
	  12313142141414
	  12313142141414
	  12313142141414
	  12313142141414
	  12313142141414
	  12313142141414
	  12313142141414
	  12313142141414
	  12313142141414
	  12313142141414
	  12313142141414
	  12313142141414
	  12313142141414
	  12313142141414bingo!!!bingo!!!bingo!!!bingo!!!bingo!!!bingo!!!bingo!!!bingo!!!bingo!!!bingo!!!bingo!!!bingo!!!bingo!!!bingo!!!bingo!!!bingo!!!bingo!!!bingo!!!bingo!!!bingo!!!bingo!!!bingo!!!bingo!!!bingo!!!bingo!!!bingo!!!